0000	80860100	0	               0	               0	               0	               0	               0	               0	               0	               0	               0	               0	               0	               0	               0	               0	
0008	80860101	29	               0	               0	               0	               0	               0	               0	               0	               0	               0	               0	               0	               0	               0	               0	pcieport
00b0	80861c3a	2c	        e15b0004	               0	               0	               0	               0	               0	               0	              10	               0	               0	               0	               0	               0	               0	mei
00b3	80861c3d	11	            40a1	        e1590000	               0	               0	               0	               0	               0	               8	            1000	               0	               0	               0	               0	               0	serial
00c8	80861502	2b	        e1500000	        e1580000	            4041	               0	               0	               0	               0	           20000	            1000	              20	               0	               0	               0	               0	e1000e
00d0	80861c2d	10	        e1570000	               0	               0	               0	               0	               0	               0	             400	               0	               0	               0	               0	               0	               0	ehci_hcd
00d8	80861c20	2d	        e1560004	               0	               0	               0	               0	               0	               0	            4000	               0	               0	               0	               0	               0	               0	snd_hda_intel
00e0	80861c10	10	               0	               0	               0	               0	               0	               0	               0	               0	               0	               0	               0	               0	               0	               0	pcieport
00e2	80861c14	12	               0	               0	               0	               0	               0	               0	               0	               0	               0	               0	               0	               0	               0	               0	pcieport
00e8	80861c26	11	        e1550000	               0	               0	               0	               0	               0	               0	             400	               0	               0	               0	               0	               0	               0	ehci_hcd
00f0	8086244e	0	               0	               0	               0	               0	               0	               0	               0	               0	               0	               0	               0	               0	               0	               0	
00f8	80861c4e	0	               0	               0	               0	               0	               0	               0	               0	               0	               0	               0	               0	               0	               0	               0	
00fa	80862822	2a	            4091	            4081	            4071	            4061	            4021	        e1540000	               0	               8	               4	               8	               4	              20	             800	               0	ahci
00fb	80861c22	b	        e1530004	               0	               0	               0	            4001	               0	               0	             100	               0	               0	               0	              20	               0	               0	
0100	10026779	2f	        d000000c	               0	        e1420004	               0	            3001	               0	        e1400002	        10000000	               0	           20000	               0	             100	               0	           20000	fglrx_pci
0101	1002aa98	2e	        e1440004	               0	               0	               0	               0	               0	               0	            4000	               0	               0	               0	               0	               0	               0	snd_hda_intel
