version 15
timestamp 4676791591
cpu0 4 0 170063925 55695279 78880679 73984008 292515627291867 318272754879 114358076
domain0 00000000,00000000,00000000,00000000,00000000,00000000,00000000,00000011 52287813 47291882 669600 2314735826 4325735 153 6145 47285510 1201629 1196135 5341 3897132 156 9 0 1196135 55224430 55141217 23341 179785925 60219 68 8418 55132799 25 0 25 0 0 0 0 0 0 565062 15871 0
domain1 00000000,00000000,00000000,00000000,00000000,00000000,00000000,000000ff 45838671 21163469 22253242 374556732 7801892 2717 9395 15038641 1054843 1054348 460 312223 39 6 3772 448247 55164558 43765969 11046866 4091422976 352488 222 70058 43695911 5392536 719 5391817 0 0 0 0 0 0 4328366 192924 0
cpu1 14704 0 100059600 19102662 42801513 37141164 311850875106051 206689244562 80935836
domain0 00000000,00000000,00000000,00000000,00000000,00000000,00000000,00000022 42150479 37539975 982035 3059583779 3628570 330 9229 37530731 1368279 1363405 4736 3350859 139 5 0 1363405 18418365 18380450 7708 29066628 30434 43 605 18379845 116 10 106 0 0 0 0 0 0 359183 1034 0
domain1 00000000,00000000,00000000,00000000,00000000,00000000,00000000,000000ff 38333827 14923532 20944887 4147695720 8282881 4727 19746 14553118 1190612 1189827 744 531106 41 13 2041 405132 18388158 11686158 6607351 2319685020 95459 357 43535 11642623 5818033 425 5817608 0 0 0 0 0 0 5298908 11933 0
cpu2 4 0 101384474 14864332 45092138 40342785 379933893446814 182245265043 86514519
domain0 00000000,00000000,00000000,00000000,00000000,00000000,00000000,00000044 28198906 25447478 551791 1826657647 2199698 160 4478 25442997 2189194 2183956 5080 3606679 164 3 0 2183956 14191828 14163347 7208 22109058 21463 46 348 14162999 46 2 44 0 0 0 0 0 0 289973 1094 0
domain1 00000000,00000000,00000000,00000000,00000000,00000000,00000000,000000ff 25681746 10349657 12757937 1309522416 6151947 3235 11699 10000807 1616433 1615728 666 493450 41 12 1837 400781 14170555 9654920 4437989 1566227064 78492 287 24688 9630232 3578110 265 3577845 0 0 0 0 0 0 4457651 28821 0
cpu3 2 0 101587064 9246914 48739179 44652153 474895540956390 158007096937 92335004
domain0 00000000,00000000,00000000,00000000,00000000,00000000,00000000,00000088 11584667 10735160 190244 563167056 659305 104 1694 10733458 3444846 3443342 1455 1176595 53 2 0 3443342 8525034 8495576 5923 21794777 23692 38 166 8495410 39 4 35 0 0 0 0 0 0 217004 801 0
domain1 00000000,00000000,00000000,00000000,00000000,00000000,00000000,000000ff 10692342 4396713 5353672 2248457380 2429527 1493 7481 4088169 2068679 2068189 460 333589 36 7 1465 134648 8501499 6446306 2013907 722870768 42028 240 17876 6428430 1487678 122 1487556 0 0 0 0 0 0 3868655 10444 0
cpu4 0 0 66990529 9297834 32500640 27065377 249205356910423 151735806489 57690745
domain0 00000000,00000000,00000000,00000000,00000000,00000000,00000000,00000011 49895472 46209387 978827 2439973329 2708399 2684 3432 46205944 1442696 1433252 9192 6683080 261 31 0 1433252 11053183 9223412 19902 1209238757 1811077 139 531 9222881 1178 38 1140 0 0 0 0 0 0 198940 1866 0
domain1 00000000,00000000,00000000,00000000,00000000,00000000,00000000,000000ff 46544877 41440740 1623061 2838483129 3481139 459 20678 16940898 1348096 1348096 0 0 0 0 0 0 9243314 6458656 2721294 983621515 64150 38 51426 6407230 99 32 67 0 0 0 0 0 0 5235644 3965 0
cpu5 1 0 67987631 10407218 32761318 27194660 245000515940117 128215524769 57576841
domain0 00000000,00000000,00000000,00000000,00000000,00000000,00000000,00000022 49246483 44112231 1233329 3396362724 3901445 1246 5975 44106243 1037823 1026045 11670 7765429 127 5 0 1026045 10395748 10360199 12201 25071481 23865 130 328 10359871 542 24 518 0 0 0 0 0 0 178004 1375 0
domain1 00000000,00000000,00000000,00000000,00000000,00000000,00000000,000000ff 44039806 38878523 1458987 2933906877 3702362 635 44364 20621399 1331265 1331265 0 0 0 0 0 0 10372400 6945793 3335996 1238734907 91480 54 61954 6883839 109 24 85 0 0 0 0 0 0 5387799 4401 0
cpu6 0 0 58648140 9430272 25732365 22174361 197242885540291 105667297024 49213773
domain0 00000000,00000000,00000000,00000000,00000000,00000000,00000000,00000044 54414095 51368153 728657 2012601245 2317621 654 10003 51358136 883972 874911 8990 5989008 77 1 0 874911 9389708 9362488 11174 19263128 16466 96 301 9362187 324 9 315 0 0 0 0 0 0 151351 7028 0
domain1 00000000,00000000,00000000,00000000,00000000,00000000,00000000,000000ff 46578443 41318442 1166040 2907762001 4093936 943 91837 29843438 1040064 1040064 0 0 0 0 0 0 9373662 7133668 2169346 849493060 71595 49 38913 7094755 71 19 52 0 0 0 0 0 0 3405390 115456 0
cpu7 0 0 26604064 5380822 11696573 9950601 76305367376914 62964423009 21220420
domain0 00000000,00000000,00000000,00000000,00000000,00000000,00000000,00000088 72311452 71356857 219043 621124608 735776 482 6081 71350744 367557 365319 2202 1500660 37 1 0 365319 5303903 5286803 9378 12195806 8074 83 271 5286532 260 4 256 0 0 0 0 0 0 123407 1162 0
domain1 00000000,00000000,00000000,00000000,00000000,00000000,00000000,000000ff 51418700 49511036 330447 1127212735 1577079 769 159821 44445732 387356 387356 0 0 0 0 0 0 5296181 4256718 999191 431428762 41162 59 14601 4242117 47 1 46 0 0 0 0 0 0 1621803 6502 0
