                    CPU0       CPU1       CPU2       CPU3       CPU4       CPU5       CPU6       CPU7       CPU8       CPU9       CPU10      CPU11      CPU12      CPU13      CPU14      CPU15      
          HI:          0          0          0          0          0          0          0          0          0          0          0          0          0          0          0          0
       TIMER:  100326231   78886492   95844852  119534064   62963645   61899084   49938474   19893929          0          0          0          0          0          0          0          0
      NET_TX:     306483         26          9         12          7          3          0          3          0          0          0          0          0          0          0          0
      NET_RX:   68057385       2749        759        147       2251         64        154         27          0          0          0          0          0          0          0          0
       BLOCK:     887128         39         33         31         29         56         16         19          0          0          0          0          0          0          0          0
BLOCK_IOPOLL:          0          0          0          0          0          0          0          0          0          0          0          0          0          0          0          0
     TASKLET:      44753         11          3          6          7          3          5          4          0          0          0          0          0          0          0          0
       SCHED:   39863139   27714374   20416255   11472059   39465266   33804533   22031975    7998908          0          0          0          0          0          0          0          0
     HRTIMER:      50908       2532       2563       2309        558        604       1034        520          0          0          0          0          0          0          0          0
         RCU:   42154581   15415067   16373194   18075077   11069489   11090612    9741604    4837028          0          0          0          0          0          0          0          0
